6
5
25
6
1
22
4
1
11
15
12
17
12
14
8
3
16
7
3
6
13
4
4
24
8
2
3
14
3
22
15
9
3
17
16
3
13
19
4
25
9
17
17
22
8
1
24
23
7
3
5
21
6
8
21
16
9
24
4
13
22
21
23
24
14
13
2
1
9
7
25
19
23
18
15
7
18
15
6
1
18
10
24
23
17
19
15
2
19
19
15
15
16
14
14
4
2
17
6
10
23
7
5
22
2
19
4
21
8
9
22
25
21
22
25
12
15
14
14
11
9
5
25
1
18
15
6
21
6
11
7
3
20
11
2
21
4
5
16
14
15
14
15
10
10
16
24
2
5
14
12
15
18
11
16
12
1
21
10
8
9
16
11
3
4
14
23
9
18
15
22
9
4
14
21
13
4
19
14
10
7
25
25
1
13
17
14
15
14
23
22
22
16
9
1
19
22
25
2
16
15
24
25
18
12
20
7
17
13
23
2
19
22
1
21
11
19
9
25
7
7
22
6
22
5
8
15
4
8
18
19
22
18
18
16
6
14
24
23
1
21
24
21
20
1
16
5
19
2
7
2
8
3
7
6
9
15
22
12
24
14
8
22
7
25
14
12
14
12
9
16
8
9
14
2
9
6
8
2
7
14
4
16
16
12
23
2
3
19
15
1
10
22
24
16
24
12
4
14
24
15
6
6
25
19
9
9
2
16
12
8
5
17
1
22
4
23
25
6
19
15
9
3
13
7
20
13
19
23
1
17
14
9
24
14
2
7
24
5
22
10
13
3
2
15
25
5
12
24
12
5
15
22
7
3
4
3
15
24
1
18
15
16
1
15
